1048576 1000
147892
902486
164362
345231
3138
736359
1039658
725312
1016709
712459
744630
885607
13861
641977
459626
970699
232535
1006995
340487
670201
931486
489838
202341
174115
636342
638414
299873
323951
541203
217407
1047241
927683
935474
822782
157224
856564
196236
856904
24710
320383
59761
480284
994263
59365
842105
655511
1019116
73932
452811
378063
13040
556446
849243
391293
573774
547829
555949
297067
143626
500677
713438
41580
854942
394449
585615
1004
635546
913971
883785
971692
213702
238753
618274
86057
182820
259170
531854
736191
462350
1040209
217616
312098
672507
618186
61484
77178
544991
967193
938162
245522
462390
369808
589559
1027675
247053
181203
190570
48318
1037154
923159
671991
344514
780111
61724
1037080
669785
441739
1030512
345685
568364
412111
714078
711052
512603
1018637
594856
668556
58952
997766
959619
737875
484211
1043299
240137
512606
198947
811182
398789
726094
891586
375654
849468
9974
819782
56110
1028818
290073
606932
326892
394887
779278
821355
80356
676703
473744
258174
309323
526459
943172
984671
992545
253489
432075
706511
86973
557113
759563
701765
747402
470859
627695
809541
155732
398415
262993
888372
778689
524286
557019
486481
458924
581027
789944
612528
422269
929157
1014240
203224
565417
838994
706487
132471
327170
997844
100126
690219
796944
921135
788463
204749
459997
454627
922729
607037
292708
127997
556617
829405
844860
94441
330991
132530
824977
215720
355356
741912
805715
554661
206021
287124
443434
192871
210757
1014100
826945
42655
599346
395934
757383
777518
167992
737173
642848
327027
569285
396928
709461
474777
750851
214962
783147
122992
25571
501673
180910
770151
79572
555262
868660
604267
712052
262447
463233
193059
684547
118946
717006
568363
263280
989026
920683
207539
877843
956169
52771
844350
76374
267927
495577
605741
240336
647339
334015
87852
207586
42285
89865
115287
1043279
113953
550820
30158
84853
936570
1006383
39390
627454
402022
75353
301119
15996
276371
806957
554025
902796
343179
145742
880139
126422
618046
407536
192221
950534
687601
537013
25496
804576
391856
363941
604790
494169
343539
315249
192308
727673
665438
924943
340896
375500
455226
704685
518972
249716
608970
525928
871546
140235
827719
101910
564227
600075
652843
892322
589475
351922
370194
43403
697139
188190
970034
209846
511534
865510
83644
14357
345239
346785
1034181
16833
674784
25648
52997
583708
582712
123637
188394
416538
846471
991917
79323
598585
14380
570804
746593
112910
386344
566072
919430
1003293
22703
443192
649833
696076
989803
279888
974727
963066
8997
884638
30792
21098
485621
373017
49118
162856
76700
65932
465036
460010
149168
5665
567130
926936
816038
710812
439570
802789
493633
433309
397095
775334
252266
150199
234513
497580
1015542
611609
317777
101913
656558
1046296
266857
1042798
529698
1009548
460028
480673
22810
614323
877017
165557
397936
349807
790976
192278
419469
902725
553718
825794
599580
668104
503908
169257
384675
748208
199914
274815
614311
715978
123336
556137
448802
475351
643610
850371
760058
814040
1008549
1013940
271274
689303
271607
156731
179624
564463
974234
934367
908063
299450
357595
742445
865072
392878
1006284
44624
392491
95343
865976
959639
799803
643136
52221
105575
667208
823352
737255
40445
992733
107546
150464
387613
797634
393489
377538
839601
541590
253878
139868
700700
834401
824986
343757
708594
471253
420674
337733
726663
192891
546262
224423
575727
82971
1048338
234120
540656
78635
403226
270125
301198
897708
709641
270756
926336
62489
432989
219845
569216
619218
515199
343176
523546
451840
587756
712508
506509
456174
135666
991858
705189
843613
610100
483607
896033
1010066
1027970
695202
824970
87490
569662
45195
277982
481598
24479
602247
575818
689121
326499
547375
65027
297039
36841
640295
5112
403859
76928
367299
206836
72888
212647
326151
597575
969869
57215
624465
575021
573460
1007716
22718
821436
984089
171510
52993
153103
783998
476795
173967
903414
744779
214690
956175
550769
356336
830992
357594
1010327
342344
736870
623253
1017236
923064
101834
42388
630262
103171
443963
577901
570505
861312
486114
307282
633951
313487
645620
175662
751547
889595
79779
366714
147826
420453
74288
976465
835224
286052
1038160
567107
274006
709137
624782
844695
213258
882449
994110
718722
716458
166547
85236
199758
558778
403159
710910
256259
804743
377170
377982
458804
690932
694664
838809
211166
115287
1040237
756111
581231
339642
570232
698859
223313
593460
869867
956403
609923
633967
835430
966259
992742
662506
214655
681723
419177
719869
457699
280259
972040
1009404
234435
869057
253978
886760
161814
539122
196723
592069
511181
753430
335818
357574
907929
704690
541221
394782
198674
671686
39907
817294
1023179
696248
1004925
794510
316951
433079
739854
240843
804325
524673
79573
328043
450292
936678
190166
155443
27143
594783
557517
221029
746845
197102
937196
187210
256619
199022
996798
545429
352624
790442
39683
156044
599666
495088
795601
710678
1001931
788040
565277
778703
103863
331962
712968
773463
807131
382669
404274
907493
644397
943653
775325
954954
232745
437591
711090
553915
102048
446240
755841
884876
414322
169409
354235
686834
906135
817026
764619
458939
664953
762534
611386
752863
193202
280193
204525
222322
252525
681552
628745
3239
705860
862083
569092
532877
858220
220428
469091
1001566
742232
748815
671434
836854
489417
646160
919108
453093
763146
748337
551618
721650
640566
227585
827152
55931
540770
722385
510682
283460
239523
923585
477362
301682
137538
513535
573230
640890
362010
590232
610297
432695
57597
999743
976122
665863
737129
689402
925879
542608
754478
1534
277550
512670
274187
1041294
647789
954549
362307
715602
117976
82615
517895
587540
627399
716228
743384
404269
387115
437928
302979
322862
271051
82628
959779
828952
344626
613580
282798
57550
379202
699606
304510
565292
61150
651370
271635
720013
70531
428681
593441
392884
284514
216452
82772
16107
234915
219693
321519
558024
273747
48330
165132
860522
640358
806614
237810
87116
461389
517014
107930
126892
426487
188723
355483
374994
715768
973000
461275
910881
505434
10601
606193
759878
1027159
560848
136003
1016444
12588
487638
471118
35414
1023106
708634
562152
861478
90937
583162
28900
466641
590375
617312
965073
660874
351379
443686
813896
411273
744284
321912
17399
1038204
193525
265056
120947
862925
783776
956176
976521
195157
59350
186691
444669
867443
780307
246288
262345
268441
608675
369826
325740
573322
184163
802227
183552
812739
679866
734842
515313
759504
333853
990363
586078
542481
310044
32949
321235
1019999
745807
528554
57449
168807
763562
276064
871742
708116
65077
696802
226111
388718
913025
38954
795588
477095
107132
236981
309989
420777
712363
174703
192611
452765
392101
633163
805225
293760
868777
405333
322625
401180
765100
691268
176834
879641
794128
199117
541381
954836
1035191
279796
895659
727296
924382
605597
730740
525303
292420
803146
229043
220379
779943
730553
454687
720219
770650
959349
726029

Deprecated Gradle features were used in this build, making it incompatible with Gradle 8.0.

You can use '--warning-mode all' to show the individual deprecation warnings and determine if they come from your own scripts or plugins.

See https://docs.gradle.org/7.4/userguide/command_line_interface.html#sec:command_line_warnings

BUILD SUCCESSFUL in 218ms
2 actionable tasks: 1 executed, 1 up-to-date
오후 12:40:43: 실행이 완료되었습니다 ':TestCode.main()'.
